"bifparone"	"time.min"	"time.max"	"resource.min"	"resource.max"	"juv_bio.min"	"juv_bio.max"	"ad_bio.min"	"ad_bio.max"	"total_bio.min"	"total_bio.max"	"juv_number.min"	"juv_number.max"	"ad_number.min"	"ad_number.max"	"total_number.min"	"total_number.max"	"ingestion.min"	"ingestion.max"	"birthrate.min"	"birthrate.max"	"rep_rate.min"	"rep_rate.max"	"mat_rate.min"	"mat_rate.max"	"age_mat.min"	"age_mat.max"	"juv_surv.min"	"juv_surv.max"	"max_size.min"	"max_size.max"	"max_age.min"	"max_age.max"	"period1.min"	"period1.max"	"period2.min"	"period2.max"
0.4	10000	10000	0.4595202913	11.9459605895	0.062774871	10.662850941	0.0378476321	21.258550588	2.2413432858	22.2394151567	0.3132670576	31.2319974494	0.0037946376	10.3083721426	7.6741802396	31.5946600344	1.7897704242	3.5863177019	0.0391699387	8.5505039489	0.0039169939	0.8550503949	0	0.1392780445	50.4999516438	577.4999573724	3.39961e-07	0.468832343	9.9600617426	9.9848106609	658.4905171195	1023.4988460939	524.7204126831	524.7204126831	428.0035	428.0035
0.41	20000	20000	0.4625010178	10.7062767197	0.1064402567	10.5737741238	0.0407449621	21.136494576	2.4548163411	22.1128496301	0.3645378076	31.9338613997	0.0040855894	10.4481028066	7.6707716596	32.2825109121	1.9157094857	3.3408410841	0.040752089	8.4468246731	0.0040752089	0.8446824673	0	0.1456870518	55.4999402001	577.4999551008	4.174626e-07	0.4349561476	9.9604514861	9.984474138	665.4904932947	1029.498866287	521.9642753738	521.9642753738	426.3956666667	426.3956666667
0.42	30000	30000	0.4663009152	9.6782560209	0.1286938171	10.7424429767	0.0425811492	20.968146582	2.6489093373	21.9543194546	0.3732538402	32.654052935	0.0042701482	10.5835694309	7.673292803	32.9886078714	2.0201374205	3.1604557735	0.0421134291	8.3412734682	0.0042113429	0.8341273468	0	0.1461343346	59.499948737	579.4999526605	2.339145e-06	0.4096227739	9.9605653718	9.9841600869	671.4904525923	1034.4989086264	519.5200231957	519.5200231957	426.9193333333	426.9193333333
0.43	40000	40000	0.4695753104	8.8123950307	0.0425016154	10.9017545731	0.0442078614	20.8399552559	2.8284822159	21.8196661682	0.2625215683	33.3936219742	0.0044337202	10.625141234	7.654247327	33.7139420444	2.1080476238	3.0296514202	0.0432958558	8.2348207084	0.0043295856	0.8234820708	0	0.1515083728	63.4999386427	581.499950385	2.572537e-07	0.3857708643	9.9602386025	9.9838262298	676.4903819992	1038.4989779418	517.7801457092	517.7801457092	427.6701666667	427.6701666667
0.44	50000	50000	0.4738855343	8.0736204681	0.1237065596	10.8227888864	0.0465709133	20.6510229421	2.9973226841	21.6444030757	0.3689529646	34.1531754066	0.0046711935	10.741279037	7.6625743505	34.4591759513	2.183088774	2.9533654805	0.0444321667	8.1266653113	0.0044432167	0.8126665311	0	0.1537835952	66.4999419504	581.4999485606	2.035149e-06	0.3687895569	9.9602853041	9.9835033583	681.490447069	1042.4989468956	515.6382612511	515.6382612511	428.9645	428.9645
0.45	60000	60000	0.4773842666	7.4355287651	0.0689886334	10.9124810126	0.0482319341	20.5172582375	3.1578534164	21.5054904687	0.3253895914	34.9338714654	0.0048382769	10.6437614712	7.6405306544	35.2252593022	2.247862777	2.953000903	0.0455195975	8.0175599423	0.0045519598	0.8017559942	0	0.1549364087	70.4999267904	583.4999437167	2.295481e-07	0.3473176947	9.9600359819	9.9831690613	686.4904542171	1046.4988178829	514.1268966244	514.1268966244	430.8568333333	430.8568333333
0.46	70000	70000	0.4816041664	6.8801587795	0.049782653	11.0202718974	0.049749256	20.3488707101	3.3122463564	21.3392571982	0.2986785746	35.7363209561	0.0049909796	10.6547775822	7.6322822687	36.0132128674	2.3042729718	2.9525613469	0.0465303789	7.907012397	0.0046530379	0.7907012397	0	0.1555412854	73.4999277756	584.4999433592	0.0001557107	0.3320362965	9.9596244156	9.982808227	690.490486132	1049.4988721396	512.6245589128	512.6245589128	432.9411666667	432.9411666667
0.47	80000	80000	0.4865277024	6.3917209741	0.0421089286	10.9740556944	0.0519125243	20.1570351936	3.4620007925	21.149649696	0.2888913005	36.561854672	0.0052085502	10.7902561914	7.6309035564	36.8238541339	2.3538164773	2.9520624813	0.0475327657	7.7920734111	0.0047532766	0.7792073411	0	0.1579542327	75.4999279901	584.4999422066	0.0001557109	0.3221998447	9.9592378807	9.9824521525	695.4904410528	1052.4988342311	511.124480155	511.124480155	435.9566666667	435.9566666667
0.48	90000	90000	0.4901074859	5.9589220586	0.036432252	11.110364769	0.0532318453	20.0161336351	3.6083729135	21.0146100503	0.2827151228	37.4113262874	0.0053414719	10.8973519129	7.6157356326	37.6584632739	2.3977276688	2.9516904903	0.0484742171	7.6823779512	0.0048474217	0.7682377951	0	0.1597500243	77.4999275312	584.499941173	2.219066e-07	0.3126952612	9.9589082505	9.9821309513	699.4905089359	1054.4989937475	509.2953381774	509.2953381774	438.7843333333	438.7843333333
0.49	1e+05	1e+05	0.49458056	5.5730172343	0.0383073192	11.098861762	0.0552584342	19.8460242701	3.7522653365	20.848046767	0.2972255397	38.2861306591	0.0055454358	10.8179014873	7.6073417548	38.5181081396	2.436868813	2.9512320334	0.0494431767	7.5680974174	0.0049443177	0.7568097417	0	0.1597807405	80.4999212298	585.4999374712	4.601676e-05	0.2989254226	9.9584223176	9.9817412114	703.4905638472	1057.4989159026	507.7111505406	507.7111505406	442.0465	442.0465
0.5	110000	110000	0.5000443992	5.2268719836	0.0385628631	11.1000686255	0.0572583116	19.6449918583	3.8944728665	20.6481564214	0.3082853278	39.1874077084	0.0057467832	10.8794962141	7.6086454882	39.4040348256	2.4719656763	2.9506806386	0.0503733634	7.4504310177	0.0050373363	0.7450431018	0	0.160702857	82.4999227312	585.4999366891	2.576009e-05	0.2900932882	9.9579537833	9.9813396628	707.4905927904	1059.4989725116	506.1542216607	506.1542216607	445.567	445.567
0.51	120000	120000	0.5037823696	4.9147165085	0.0410870834	11.1830206001	0.0588202954	19.5042425354	4.0356002116	20.5144428788	0.3348687558	40.1165918122	0.0059042316	10.9242268011	7.5939084172	40.317701653	2.50361022	2.9502914367	0.0513457426	7.3360388257	0.0051345743	0.7336038826	0	0.1615086599	84.4999226745	585.4999350471	1.757401e-07	0.2815305436	9.9573142135	9.9809326601	711.490646781	1062.4988132638	504.4171359601	504.4171359601	449.0693333333	449.0693333333
0.52	130000	130000	0.5093522123	4.6318632896	0.0445438296	11.1333666323	0.061206824	19.303114336	4.1762244155	20.3184737748	0.3473472249	41.0752458548	0.0061445425	10.9545891134	7.5927902093	41.2605142311	2.5322762624	2.9497302607	0.0522510776	7.2172945428	0.0052251078	0.7217294543	0	0.161861943	86.499919381	585.4999328422	1.247915e-05	0.2732030382	9.9567521008	9.9805134781	715.4907158664	1064.4988734963	502.7699185406	502.7699185406	452.6853333333	452.6853333333
0.53	140000	140000	0.5140410717	4.374429904	0.0460233213	11.16221204	0.0631645123	19.1435889104	4.316723032	20.1568994699	0.3685990472	42.0649287949	0.0063418708	10.9720416097	7.5807139034	42.2341865677	2.558361159	2.9492439335	0.0531846721	7.0984768031	0.0053184672	0.7098476803	0	0.1631086379	88.4999165767	585.4999306527	1.65318e-07	0.2651302939	9.9559736618	9.9800429392	719.4907432998	1066.4989021278	501.0121608114	501.0121608114	456.482	456.482
0.54	150000	150000	0.5186899928	4.1392648132	0.0497893169	11.2651364825	0.0646479908	18.9811501983	4.4575329946	19.9992924282	0.3913013487	43.087498406	0.0064916459	10.9779503241	7.5725340417	43.2404075717	2.582192463	2.9487674703	0.0541242439	6.9788420275	0.0054124244	0.6978842028	0	0.1626106916	90.4999182259	585.4999289655	1.597591e-07	0.2572960758	9.9551262199	9.9795471414	723.4907782779	1068.4989239908	499.1087681219	499.1087681219	460.444	460.444
0.55	160000	160000	0.5238444513	3.9235978874	0.092661351	11.2799408058	0.0667618819	18.8061077692	4.5989714297	19.8285057347	0.4867801883	44.1448939802	0.0067048271	10.973987867	7.5685676255	44.2811896208	2.6040468927	2.9482431737	0.0550664992	6.8576348381	0.0055066499	0.6857634838	0	0.1603034478	92.4999200259	585.4999267536	1.858726e-07	0.2496933014	9.9542118032	9.9790253464	727.4908483671	1070.4989087785	497.0391068821	497.0391068821	464.8418333333	464.8418333333
0.56	170000	170000	0.5294952218	3.7251282776	0.1455323942	11.2761391683	0.0690660325	18.6077638087	4.7413758817	19.6442546719	0.5560404197	45.2392326795	0.0069372221	10.961377556	7.5766366087	45.3585479812	2.6241512597	2.9476715154	0.056007858	6.7348314048	0.0056007858	0.6734831405	0	0.1599716524	94.4999204966	584.4999249092	5.500427e-06	0.2423147018	9.9533321306	9.9784743136	731.4909533595	1072.4988664556	494.9873819114	494.9873819114	469.5165	469.5165
0.57	180000	180000	0.5347842064	3.5420822605	0.1354637062	11.3258376822	0.0710098939	18.4414165612	4.8847995934	19.4759023956	0.5764879961	46.3729085259	0.0071335154	10.9410494054	7.5677707585	46.4749089752	2.6427003341	2.9471307432	0.056948778	6.6113592011	0.0056948778	0.6611359201	0	0.1595767953	96.4999198907	584.499922731	3.054922e-06	0.2351544965	9.9522516308	9.9778953545	735.4910079531	1074.4988359823	492.8257382568	492.8257382568	472.9985	472.9985
0.58	190000	190000	0.5402804505	3.3726743319	0.1276046544	11.2464984894	0.0740713137	18.2714745457	5.029590484	19.3043712679	0.5968832558	47.5484819821	0.0074422516	10.9147781258	7.5600499457	47.6327834003	2.6598644755	2.9465692823	0.0578894537	6.4868429873	0.0057889454	0.6486842987	0	0.1637068133	98.49990357	583.4999205013	1.828535e-06	0.2282053509	9.9509855925	9.9772626886	738.4910673889	1075.4989918949	490.4564772112	490.4564772112	478.6361666667	478.6361666667
0.59	2e+05	2e+05	0.546024076	3.2154801261	0.1211392418	11.3016690761	0.0760723493	18.0965627942	5.1759920172	19.1279818748	0.6186023449	48.7688277518	0.0076445256	10.8812973994	7.5545629965	48.8349971841	2.6757882798	2.9459829733	0.058836088	6.3610312024	0.0058836088	0.6361031202	0	0.1629963005	100.4999045882	583.499918248	1.101563e-06	0.2214499615	9.9497657091	9.9766264954	742.4911316864	1077.4989641788	487.9119062462	487.9119062462	482.0581666667	482.0581666667
0.6	210000	210000	0.5521733072	3.0692718056	0.1159464198	11.357596361	0.0780875116	17.9138496884	5.3241762037	18.9438641048	0.6422581868	50.0371139629	0.0078483395	10.8420807078	7.5530755319	50.0846841597	2.6905922446	2.9453584694	0.0597946102	6.2329820107	0.005979461	0.6232982011	0	0.1621355989	102.4999060457	583.4999159891	6.786023e-07	0.214910435	9.9484787244	9.9759618053	746.4912001844	1079.4989371046	485.0959367934	485.0959367934	488.5678333333	488.5678333333
0.61	220000	220000	0.5579657349	2.9330508372	0.1034425178	11.3509217209	0.0807421596	17.73124885	5.4741030759	18.7745535772	0.653727872	51.3463080238	0.0081166097	10.9608299977	7.5549566889	51.3843871825	2.7043846689	2.9447698045	0.0607555118	6.1062461766	0.0060755512	0.6106246177	0	0.1612801572	103.4999061583	582.4999140148	1.323199e-07	0.2117152135	9.9470483494	9.9752610026	750.4911919479	1081.4988521321	481.5304248289	481.5304248289	493.5655	493.5655
0.62	230000	230000	0.564244844	2.8057971338	0.1109406182	11.349405369	0.0834286168	17.5574888263	5.6261252951	18.5943737906	0.6993569258	52.6677739733	0.0083882338	10.9109407567	7.5576489207	52.7079695517	2.7172778621	2.9441297737	0.0617134256	5.9767639151	0.0061713426	0.5976763915	0	0.1633664112	105.4999022885	582.4999104871	1.306627e-07	0.2054587966	9.9456251021	9.9745243081	754.4912695943	1082.4989938525	478.0758727869	478.0758727869	497.9941666667	497.9941666667
0.63	240000	240000	0.5704257388	2.6867246719	0.1123966313	11.4025962552	0.0855845878	17.3833477947	5.7803186582	18.4205080549	0.7496975618	53.9993629991	0.008606662	10.8564727084	7.5624581548	54.0420345743	2.7293398791	2.9435020822	0.0626796012	5.8474768676	0.0062679601	0.5847476868	0	0.1634443714	107.4998938847	582.4999072756	1.260361e-07	0.1993868889	9.9440836405	9.9737547131	758.491324765	1084.498930261	475.0431956778	475.0431956778	503.1706666667	503.1706666667
0.64	250000	250000	0.5769015624	2.5750943431	0.2059333335	11.3425219675	0.0891134253	17.189091073	5.9368170634	18.2429208159	0.897340973	55.3413202088	0.0089634318	10.7977508119	7.5713932865	55.3866406681	2.7406538792	2.942844017	0.0636527943	5.716453014	0.0063652794	0.5716453014	0	0.1621337462	109.4998959725	580.4999069961	2.563267e-07	0.1934912104	9.9425014191	9.9729350094	762.4914366107	1086.4988017854	472.2883893171	472.2883893171	509.0256666667	509.0256666667
0.65	260000	260000	0.5837996503	2.4702721555	0.1779330852	11.413120203	0.0911627659	17.0185957385	6.0956579742	18.0577436559	0.924158567	56.6938886817	0.0091714964	10.7349882702	7.5789938433	56.7416707557	2.7512707166	2.9421461476	0.0646393244	5.5750760464	0.0064639324	0.5575076046	0	0.160322764	111.4998977609	580.4999054429	1.293356e-07	0.1877754651	9.9407539777	9.9720789222	765.4915295112	1087.498967977	470.0796622631	470.0796622631	515.5301666667	515.5301666667
0.66	270000	270000	0.5903396806	2.3717181485	0.1539625476	11.4146943866	0.0941109864	16.850375553	6.2570098203	17.8866498315	0.9438488381	58.0571406759	0.0094702834	10.6685780287	7.5918162307	58.1079964998	2.7612572641	2.9414790521	0.0656117255	5.4514944456	0.0065611726	0.5451494446	0	0.160958536	113.4998829412	580.4998998795	1.183853e-07	0.1822259656	9.9389258896	9.9711933024	769.4915633057	1089.4988702794	467.6277905406	467.6277905406	523.0216666667	523.0216666667
0.67	280000	280000	0.5972968142	2.2788816983	0.1777553076	11.4215660538	0.0970700627	16.6693911301	6.4209533785	17.7084533446	1.0378233609	59.4300051061	0.0097704041	10.5984496002	7.6087417151	59.4840497938	2.7706642456	2.9407743969	0.0665920247	5.3174332191	0.0066592025	0.5317433219	0	0.1581984311	115.4998814858	579.4998992252	1.160547e-07	0.1768403843	9.9370526544	9.9702528806	773.4916472585	1090.4989819862	465.4702013546	465.4702013546	528.8318333333	528.8318333333
0.68	290000	290000	0.6044856713	2.1913293252	0.2425910365	11.3773097386	0.1008740182	16.4761738103	6.5875692581	17.5283405372	1.1848321783	60.8117067259	0.0101559475	10.5246394274	7.6309308352	60.8687307906	2.7795340992	2.9400448472	0.067580425	5.17611105	0.0067580425	0.517611105	0	0.1569618623	117.499881043	578.4998960698	1.145394e-07	0.1716139709	9.9351046979	9.9692358857	777.4917500084	1092.4988478384	463.4987674836	463.4987674836	535.2791666667	535.2791666667
0.69	3e+05	3e+05	0.6116860655	2.1086531109	0.2021794231	11.4286545439	0.1033458911	16.3150849866	6.7569024253	17.3523657755	1.2151366415	62.2028296442	0.0104075766	10.4476666937	7.6571393839	62.2637331528	2.7879101329	2.9393149387	0.0685381997	5.0466348069	0.00685382	0.5046634807	0	0.159103848	119.4998695526	577.499897041	1.126495e-07	0.1665420243	9.9329566364	9.9682121867	781.4917819745	1093.4989765997	461.4930482819	461.4930482819	542.9176666667	542.9176666667
0.7	310000	310000	0.6191340757	2.0304908869	0.2242622146	11.4308203598	0.1066538839	16.1354726037	6.9290627974	17.1744987382	1.3341551423	63.6005906107	0.0107438215	10.367115598	7.6907765311	63.6652744691	2.7958271162	2.9385597269	0.0695001931	4.9096538407	0.0069500193	0.4909653841	0	0.1574217061	121.4998667806	576.499896298	1.111289e-07	0.1616199751	9.9306957191	9.9671073025	784.4919018835	1095.4988453607	459.6003736376	459.6003736376	550.4456666667	550.4456666667
0.71	320000	320000	0.6267634344	1.9565150225	0.2531498754	11.4340129596	0.1100573988	15.9534229533	7.104089371	16.9968082398	1.4555347419	65.0039216383	0.0110900739	10.2831317541	7.732332576	65.0727119918	2.8033195567	2.9377866115	0.0704524575	4.7717147826	0.0070452457	0.4771714783	0	0.1565988805	123.4998657083	575.4998952309	1.096221e-07	0.1568433948	9.9283493806	9.9659454134	788.492001075	1096.4989514371	457.7539771891	457.7539771891	558.6626666667	558.6626666667
0.72	330000	330000	0.6345775326	1.8864297194	0.2753601292	11.4368156915	0.1135866706	15.7736336885	7.2820325035	16.8192842671	1.5894886341	66.4109247927	0.011449463	10.1956661973	7.7833684614	66.4841236116	2.8104164616	2.9369949948	0.0713892303	4.632605574	0.007138923	0.4632605574	0	0.1547860926	125.4998650816	574.4998948683	1.079434e-07	0.1522079846	9.9258736721	9.964710506	792.4920602883	1097.499005133	455.9100561288	455.9100561288	567.439	567.439
0.73	340000	340000	0.6425791349	1.8199691015	0.3092108837	11.4312205237	0.1174255689	15.5892230813	7.4629280073	16.641893369	1.7509926234	67.8191771245	0.0118405946	10.1045048854	7.8456601111	67.8971457735	2.8171439165	2.9361847001	0.0723072217	4.4933132311	0.0072307222	0.4493313231	0	0.1512020094	127.499860414	572.4998991598	1.068754e-07	0.1477095716	9.9232275219	9.9634040427	796.4921394942	1099.4988908914	454.0490635878	454.0490635878	576.6905	576.6905
0.74	350000	350000	0.6507789801	1.7568904606	0.3293623797	11.4381105336	0.12116814	15.4106965708	7.6468117511	16.4646729409	1.9146331086	69.2258175343	0.0122225582	9.8608533057	7.9212811854	69.3088870237	2.8235289903	2.9353547392	0.0731989996	4.3527816408	0.0073199	0.4352781641	0	0.1518152655	130.4998426914	571.4998981385	1.06512e-07	0.1412099923	9.920406658	9.9620179798	800.4922285619	1100.4989609325	452.1650516715	452.1650516715	586.5406666667	586.5406666667
0.75	360000	360000	0.6591779524	1.6969749588	0.3645018326	11.4427119778	0.1251329664	15.2252640685	7.8336932351	16.287606188	2.1088239975	70.6272394628	0.0126276232	9.7636794146	8.0127180949	70.7158509513	2.8295912565	2.9345043908	0.0740651557	4.2113846283	0.0074065156	0.4211384628	0	0.1499365011	132.4998430485	569.4999035707	1.062261e-07	0.1370366207	9.9174315746	9.9605390272	804.4923094923	1101.499005076	450.2179870044	450.2179870044	596.2856666667	596.2856666667
0.76	370000	370000	0.6677852386	1.6400231312	0.4051348425	11.4487004058	0.1292643501	15.0368477682	8.0235788803	16.1107033721	2.3253352245	72.0191679541	0.0130502433	9.6623309605	8.1229179191	72.1137675072	2.8353524207	2.9336335628	0.074895851	4.0690838445	0.0074895851	0.4069083844	0	0.1480386812	134.4998395832	567.499908118	1.065934e-07	0.1329865919	9.9142428156	9.958968763	808.4923942708	1103.4988457455	448.1542639105	448.1542639105	607.3961666667	607.3961666667
0.77	380000	380000	0.6766107059	1.5858539494	0.444458959	11.4540933782	0.1336465796	14.8508962948	8.2164631726	15.9339695092	2.5699462734	73.3963210334	0.0134990727	9.4144919044	8.2552683817	73.4974454517	2.8408306363	2.932741525	0.0756895352	3.9261811844	0.0075689535	0.3926181184	0	0.1449727454	137.4998275632	565.499912139	1.076832e-07	0.1271348632	9.9108581916	9.9572889689	812.4924858334	1104.4989052639	445.9697676143	445.9697676143	621.2653333333	621.2653333333
0.78	390000	390000	0.6856627598	1.534300298	0.4876243524	11.4631206309	0.1382090771	14.6578836439	8.4123232284	15.7574171634	2.8390626003	74.75234025	0.0139671347	9.3056633131	8.4135441022	74.8605485609	2.8460423623	2.9318268715	0.0764423793	3.7823235117	0.0076442379	0.3782323512	0	0.1435681929	139.4998220158	562.4999221415	1.089912e-07	0.1233774769	9.9072273266	9.9554902195	816.4925868522	1105.4989333	443.6043003419	443.6043003419	634.4223333333	634.4223333333
0.79	4e+05	4e+05	0.6949493596	1.485209732	0.5420883861	11.4537503582	0.1437277162	14.4593297184	8.6111268884	15.5812089953	3.1596623723	76.0792772746	0.0145332217	9.054816794	8.6020606689	76.1951147666	2.8510035211	2.9308886979	0.0771544577	3.6377766847	0.0077154458	0.3637776685	0	0.1406772552	142.4998092849	558.4999350926	1.118043e-07	0.1179485777	9.9033519851	9.9535628176	821.4926442409	1106.4989442525	441.0019202138	441.0019202138	650.0783333333	650.0783333333
0.8	410000	410000	0.7044704127	1.4384428755	0.5955664521	11.4839953747	0.1483220576	14.2603749503	8.812835448	15.4051500563	3.4817700395	77.3673038238	0.0150070815	8.9365485336	8.8256907018	77.4918224529	2.8557282266	2.9299268681	0.0778313157	3.4922780077	0.0077831316	0.3492278008	0	0.1382875407	144.4998004035	555.499943866	1.154281e-07	0.1144626877	9.8991662346	9.9514892706	825.4927573083	1107.498942078	438.0944237153	438.0944237153	668.4306666667	668.4306666667
0.81	420000	420000	0.7142482423	1.393862606	0.6620264396	11.4972075665	0.1540078348	14.0566185387	9.0174159957	15.2293123306	3.86788951	78.6038528557	0.015593302	8.6808792643	9.0900804539	78.7378014611	2.8602307752	2.928939612	0.0784875211	3.3460096245	0.0078487521	0.3346009624	0	0.1349916394	147.4997831564	550.4999601636	1.225427e-07	0.1094260695	9.8946447253	9.9492508351	829.4928746275	1108.4989153652	434.7745486246	434.7745486246	690.1695	690.1695
0.82	430000	430000	0.7242858263	1.3513428263	0.7308513055	11.5106411685	0.1603679059	13.844113429	9.2248421663	15.0536434773	4.3033015558	79.7729560229	0.0162501947	8.4232292334	9.4019093378	79.917423473	2.8645237364	2.9279254909	0.0791561973	3.1987710339	0.0079156197	0.3198771034	0	0.1320535222	150.4997627056	543.4999836261	1.319024e-07	0.104611079	9.8897792084	9.9468262933	833.4930089043	1109.4988427015	430.8859100886	430.8859100886	717.4471666667	717.4471666667
0.83	440000	440000	0.7346011472	1.3107585361	0.8108172716	11.5312153767	0.1672842092	13.6266302458	9.4351188816	14.8781341027	4.7917850449	80.8539561439	0.0169665674	8.1627037554	9.7691988087	81.0103068901	2.8686209337	2.9268838402	0.0798872348	3.0504753878	0.0079887235	0.3050475388	0	0.1289187397	153.4997374417	532.5000222191	1.494394e-07	0.100007966	9.8845217677	9.9441907342	838.4931147872	1109.4989798073	427.0838294925	427.0838294925	750.2766666667	750.2766666667
0.84	450000	450000	0.7452122995	1.2719889083	0.9310234634	11.5502588225	0.1754869144	13.3984150115	9.6482789757	14.7026894852	5.3495085222	81.8197607164	0.0178185189	8.0163471937	10.2026898126	81.9902867333	2.8725336479	2.9258122323	0.0807780242	2.9009351872	0.0080778024	0.2900935187	0	0.1242497626	155.4997214533	514.5000846424	1.950428e-07	0.0970523072	9.8788639378	9.9413049374	843.4932502559	1110.4988845219	423.8442020182	423.8442020182	783.2585	783.2585
0.85	460000	460000	0.7561204993	1.2349224154	1.006262455	11.5696371133	0.1853906818	13.1578255883	9.8643704068	14.5273000947	5.9798437619	82.6392699659	0.018854569	7.7421229953	10.7128313216	82.8250979268	2.8762737212	2.9247100279	0.0819476461	2.7499108578	0.0081947646	0.2749910858	0	0.1210290572	158.4996889194	489.5001661035	5.115293e-07	0.0927818065	9.8725606217	9.9381263925	847.4934071089	1110.49895564	420.9714283547	420.9714283547	814.2541666667	814.2541666667
0.86	470000	470000	0.7673471205	1.1994588052	1.1275263763	11.5877288864	0.1978696867	12.9004973249	10.083402013	14.3520347263	6.7072757605	83.270045749	0.0201695634	7.3488322081	11.3159609614	83.4745617975	2.8798510667	2.9235749062	0.0835921552	2.5971966401	0.0083592155	0.259719664	0	0.1167217363	162.4996352442	482.5001676157	1.487827e-06	0.0873786851	9.8657268973	9.9346027294	852.4935451131	1110.4989907304	418.3339392537	418.3339392537	846.6438333333	846.6438333333
0.87	480000	480000	0.7788817119	1.1655332471	1.2634822108	11.6088791821	0.2136703174	12.628179882	10.3052000548	14.1771789389	7.5405912264	83.6662498071	0.0218633263	7.0607191924	12.0263170795	83.8934478092	2.8832722671	2.9224069257	0.0859464903	2.4426636838	0.008594649	0.2442663684	0	0.1121040819	165.4996013556	475.5001549905	4.239519e-06	0.0835338454	9.8582321485	9.9306672134	857.4936865609	1111.4988113354	415.8169344957	415.8169344957	876.9061666667	876.9061666667
0.88	490000	490000	0.790682265	1.1331378524	1.4233053633	11.628214883	0.2347282489	12.3339804166	10.5292029865	14.0035555699	8.4926807066	83.7760384218	0.0241860298	6.7610289923	12.8540766553	84.0301636078	2.8865370762	2.9212108217	0.0892718417	2.2861555113	0.0089271842	0.2286155511	0	0.1071397539	168.4995744986	466.5001479234	1.180388e-05	0.079858178	9.8499844495	9.9262312448	863.4937850866	1110.4989845238	413.3536997605	413.3536997605	905.4635	905.4635
0.89	5e+05	5e+05	0.8026633935	1.1023332443	1.6021022828	11.6477686576	0.2628501047	12.0202276177	10.7542390959	13.8324505206	9.5519388661	83.5341567327	0.0274491585	6.4472757476	13.798310288	83.8189161509	2.8896333691	2.9199934944	0.09379952	2.1276063186	0.009379952	0.2127606319	0	0.1018966159	171.4995537733	456.5001294363	3.207328e-05	0.0763442408	9.8408671329	9.9211911209	869.4938895351	1110.4988765035	410.9051169617	410.9051169617	932.9113333333	932.9113333333
0.9	510000	510000	0.8147513187	1.0731689913	1.8074625528	11.659552439	0.3019389738	11.6855123187	10.9790438359	13.6648798006	10.711790245	82.8133535701	0.0323053236	6.0221960747	14.8522912811	83.1339678151	2.8925748111	2.9187621407	0.0997857461	1.9665453286	0.0099785746	0.1966545329	0	0.0964571309	175.4994915318	445.5000918935	8.49203e-05	0.0718983655	9.8308108429	9.9154024927	875.4940519211	1109.4988012279	408.4271304619	408.4271304619	959.9433333333	959.9433333333
0.91	520000	520000	0.8269418367	1.0455919343	2.04402715	11.6614592461	0.3566316139	11.3180129555	11.2029869045	13.5008115059	11.9778520071	81.3952518772	0.0398307663	5.6617883072	16.0196482864	81.7561663922	2.8953474185	2.9175170914	0.1076930413	1.8016208712	0.0107693041	0.1801620871	0	0.0905847666	178.4994325064	431.5000638385	0.0002205425	0.0687347172	9.8198189573	9.9086642325	883.4943470279	1107.4988004867	405.807484541	405.807484541	981.9398333333	981.9398333333
0.92	530000	530000	0.8392882761	1.0193012724	2.3390580099	11.6402466467	0.4364874138	10.896159099	11.4276347737	13.3394709822	13.3800603819	78.968012789	0.0523006633	5.2553476634	17.3264012664	79.3800152546	2.8979917132	2.9162528086	0.1184987845	1.6306290993	0.0118498784	0.1630629099	0	0.0836274097	181.4993662846	414.5000201625	0.000568157	0.0657102818	9.8084286194	9.9006918066	893.4950167808	1103.4989612279	402.7628915506	402.7628915506	1003.8453333333	1003.8453333333
0.93	540000	540000	0.8519376463	0.9938453349	2.7306192783	11.5648026786	0.5642629799	10.3778866677	11.6563392592	13.1789830857	15.0321458658	75.0530589146	0.0745838867	4.7102215366	18.8552330626	75.5455284118	2.900554424	2.914955606	0.1345127047	1.450167975	0.0134512705	0.1450167975	0	0.0752168632	185.4992584669	391.4999820762	0.0014736267	0.061883713	9.7978247761	9.8910594821	909.4963764814	1098.498943609	398.6278556764	398.6278556764	1021.8683333333	1021.8683333333
0.94	550000	550000	0.8655907374	0.9687696363	3.3284344314	11.3505954353	0.8214660643	9.6447208125	11.893248954	13.0109813263	17.3986938001	68.8012508429	0.1227312845	4.0758635987	20.998289103	69.4136375437	2.9030785488	2.9135536047	0.1650095413	1.2518832551	0.0165009541	0.1251883255	0	0.0643711595	189.4991765589	358.4998316114	0.003986513	0.0582799577	9.7953790121	9.8790329771	942.4981443338	1090.4987697176	391.3257325087	391.3257325087	1034.6296666667	1034.6296666667
0.95	560000	560000	0.8881796222	0.9402050119	4.9167177414	9.8394207872	2.3636571188	7.8257849608	12.1783545819	12.744270468	26.0789527751	56.5841718344	0.4851262828	2.8133835082	28.8556167215	57.3963126829	2.9059527908	2.9112305625	0.3241058916	0.9636089355	0.0324105892	0.0963608936	0	0.0442881129	201.498960918	275.4984534793	0.0160429436	0.0486796701	9.8302589185	9.8624335852	997.4986870466	1073.498787185	377.9388401406	377.9388401406	1042.7723333333	1042.7723333333
0.96	570000	570000	0.9065500035	0.9093478098	7.0031263383	7.3650455403	5.1413382737	5.5338924097	12.5062670592	12.5370930624	37.6277507639	39.572785083	1.5067770496	1.660438796	39.283422173	41.0803961783	2.9090629262	2.9093467815	0.5821578537	0.6204762476	0.0582157854	0.0620476248	0	0.0238492608	214.4987232047	217.4987699437	0.0382928944	0.0400554625	9.8348697122	9.8380100557	1036.4987089703	1045.4987624065	0	0	1040.7638333333	1040.7638333333
0.97	580000	580000	0.9009166114	0.9009409786	6.8555843029	6.8594123266	5.7400487478	5.7441488408	12.5994607916	12.5997334249	33.744091147	33.7662460841	1.795932836	1.7973165361	35.5413770531	35.5621790693	2.909905717	2.909908191	0.5330385931	0.5334344355	0.0533038593	0.0533434435	0	0.0267496895	199.4987490929	199.4987506741	0.0501623449	0.0501623461	9.8148964097	9.8149124092	1033.4987476073	1033.4987526158	0	0	1033	1033
0.98	590000	590000	0.8968214836	0.8968225078	6.4910517379	6.4913172841	6.1544305689	6.1547073738	12.6457476274	12.6457591392	29.3837091916	29.3851088451	2.0174739029	2.017591308	31.4013000415	31.4025830781	2.9103175826	2.9103176843	0.4710122749	0.4710437573	0.0471012275	0.0471043757	0	0.0300370945	183.498749931	183.4987500526	0.0637688389	0.0637688391	9.7891007451	9.7891022551	1024.4987495931	1024.4987503002	0	0	1024	1024
0.99	6e+05	6e+05	0.8953034118	0.8953034793	6.0953153726	6.0953546444	6.5675715783	6.5676116058	12.6629262141	12.6629269784	25.5156930411	25.515836598	2.2326094857	2.2326248698	27.748317911	27.7484460973	2.9104694814	2.9104694882	0.4162246135	0.4162273551	0.0416224614	0.0416227355	0	0.0332394457	168.4987499798	168.4987499975	0.0798591657	0.0798591657	9.7588847527	9.7588848554	1016.4987499288	1016.4987500805	0	0	1016	1016
1	610000	610000	0.8961049279	0.8961049279	5.6769906169	5.6769958428	6.9768596044	6.9768648304	12.6538554472	12.6538554474	22.1363308568	22.1363519783	2.439412374	2.4394151934	24.5757460249	24.5757643524	2.9103893332	2.9103893332	0.3686361117	0.3686364157	0.0368636112	0.0368636416	0	0.0363182425	154.4987499898	154.4987499965	0.0985205006	0.0985205006	9.7226983032	9.7226983032	1008.4987500057	1008.4987500401	0	0	1008	1008
1.01	620000	620000	0.8989677348	0.8989677359	5.2052864399	5.2052872009	7.416298035	7.4162987859	12.6215852246	12.6215852366	19.1714148996	19.1714176758	2.6752599488	2.6752603898	21.8466752895	21.8466776359	2.9101030482	2.9101030483	0.3277001347	0.3277001732	0.0327700135	0.0327700173	0	0.039829534	140.4987499811	140.4987499875	0.12154258	0.12154258	9.6787160754	9.6787160804	1000.4987500051	1000.4987500143	0	0	1000	1000
1.02	630000	630000	0.9036496542	0.9036496545	4.8098706447	4.809870745	7.7593755733	7.7593756706	12.5692463151	12.5692463184	16.6943923535	16.6943926246	2.8180670106	2.8180670574	19.5124594083	19.5124596408	2.9096348533	2.9096348533	0.2926868976	0.2926869027	0.0292686898	0.0292686903	0	0.0419556508	129.4987499851	129.4987499913	0.1433464825	0.1433464825	9.6248410337	9.6248410355	993.4987500067	993.4987500202	0	0	993	993
1.03	640000	640000	0.909929217	0.909929217	4.3813986115	4.3813986203	8.11848689	8.1184868986	12.49988551	12.4998855104	14.5371021097	14.5371021383	2.9845015487	2.9845015559	17.5216036653	17.5216036876	2.9090068909	2.9090068909	0.2628240817	0.2628240824	0.0262824082	0.0262824082	0	0.0444335393	118.4987499997	118.4987500048	0.169061855	0.169061855	9.5561970105	9.556197011	985.498750023	985.4987500364	0	0	985	985
1.04	650000	650000	0.9176064967	0.9176064967	3.9697050797	3.9697050803	8.4466593078	8.4466593084	12.4163643881	12.4163643882	12.6931179965	12.6931179985	3.1317069492	3.1317069497	15.8248249462	15.8248249477	2.9082391602	2.9082391602	0.2373723992	0.2373723993	0.0237372399	0.0237372399	0	0.046625141	108.4987499947	108.4987499993	0.1964218523	0.1964218523	9.4689410477	9.4689410478	979.4987500189	979.4987500268	0	0	979	979
1.05	660000	660000	0.9265020211	0.9265020211	3.6321253672	3.6321253674	8.6891797459	8.6891797461	12.3213051132	12.3213051133	11.1695252592	11.1695252594	3.2080699128	3.2080699131	14.3775951722	14.3775951723	2.9073496025	2.9073496025	0.2156639638	0.2156639638	0.0215663964	0.0215663964	0	0.0477620383	100.498749999	100.4987500037	0.22146502	0.2214650201	9.352567806	9.352567806	972.4987500215	972.4987500327	0	0	972	972
1.06	670000	670000	0.9364543961	0.9364543961	3.2807641339	3.2807641342	8.936308528	8.9363085282	12.2170726622	12.2170726622	9.8350813373	9.8350813376	3.3060123168	3.306012317	13.1410936544	13.1410936544	2.9063543612	2.9063543612	0.1971164459	0.1971164459	0.0197116446	0.0197116446	0	0.0492202107	92.4987500056	92.4987500102	0.2497011128	0.2497011128	9.1959025294	9.1959025294	966.4987500242	966.4987500381	0	0	966	966
1.07	680000	680000	0.9473180219	0.9473180219	2.968595562	2.9685955623	9.1371772172	9.1371772174	12.1057727795	12.1057727795	8.7060574374	8.7060574377	3.3761335434	3.3761335437	12.082190981	12.082190981	2.905267997	2.905267997	0.181232913	0.181232913	0.0181232913	0.0181232913	0	0.0502641789	85.4987500087	85.498750014	0.2773456754	0.2773456754	8.9814048898	8.9814048898	961.4987500319	961.4987500417	0	0	961	961
1.08	690000	690000	0.9589615204	0.9589615204	2.7001278816	2.7001278818	9.2891275071	9.2891275073	11.9892553889	11.9892553889	7.7568509391	7.7568509394	3.4160746532	3.4160746535	11.1729255926	11.1729255926	2.9041036436	2.9041036436	0.1675939408	0.1675939408	0.0167593941	0.0167593941	0	0.0508588257	79.4987500139	79.4987500193	0.3034645057	0.3034645057	8.6857379656	8.6857379656	955.4987500365	955.4987500501	0	0	955	955
1.09	7e+05	7e+05	0.9712677135	0.9712677135	2.4784156873	2.4784156875	9.39069698	9.3906969802	11.8691126675	11.8691126675	6.9657180787	6.9657180789	3.4240302069	3.4240302071	10.3897482858	10.3897482858	2.9028730254	2.9028730254	0.1558462846	0.1558462846	0.0155846285	0.0155846285	0	0.0509772672	74.4987500277	74.4987500319	0.327099581	0.327099581	8.2972707128	8.2972707128	951.4987500505	951.4987500625	0	0	951	951
1.1	710000	710000	0.9841354641	0.9841354641	2.3054252934	2.3054252937	9.4412428268	9.441242827	11.7466681204	11.7466681204	6.3138912803	6.3138912805	3.3988507376	3.3988507378	9.7127420181	9.7127420181	2.9015862503	2.9015862503	0.1456911992	0.1456911992	0.0145691199	0.0145691199	0	0.0506023945	70.4987500235	70.4987500277	0.3473262895	0.3473262895	7.8241291188	7.8241291188	946.498750046	946.4987500591	0	0	946	946
1.11	720000	720000	0.9974822043	0.9974822043	2.0792238621	2.0792238624	9.543744468	9.5437444682	11.6229683303	11.6229683303	5.6830957815	5.6830957817	3.4418590329	3.4418590331	9.1249548146	9.1249548146	2.9002515778	2.9002515779	0.136874389	0.1368743891	0.0136874389	0.0136874389	0	0.0512427044	65.4987500278	65.4987500323	0.3743775026	0.3743775026	7.3165540052	7.3165540052	942.4987500451	942.4987500578	0	0	942	942
1.12	730000	730000	1.0112452275	1.0112452275	1.9543754741	1.9543754743	9.5444175981	9.5444175983	11.4987930724	11.4987930724	5.2140766735	5.2140766737	3.3978724295	3.3978724297	8.6119491032	8.6119491032	2.8988752761	2.8988752761	0.1291793907	0.1291793907	0.0129179391	0.0129179391	0	0.0505878294	62.498750194	62.4987501984	0.3916092969	0.3916092969	6.8339253985	6.8339253985	938.4987502156	938.4987502291	0	0	938	938
1.13	740000	740000	1.0253801219	1.0253801219	1.7772264766	1.7772264768	9.5974674862	9.5974674864	11.374693963	11.374693963	4.7422470195	4.7422470197	3.4192809344	3.4192809346	8.1615279542	8.1615279542	2.8974617872	2.8974617872	0.1224229899	0.1224229899	0.012242299	0.012242299	0	0.0509065596	58.4987500427	58.4987500462	0.4158250643	0.4158250643	6.4125520901	6.4125520901	935.4987500812	935.4987500901	0	0	935	935
1.14	750000	750000	1.0398575544	1.0398575544	1.6504223976	1.6504223978	9.6006226639	9.6006226641	11.2510450617	11.2510450617	4.361266786	4.3612667862	3.4022339157	3.4022339159	7.7635007019	7.7635007019	2.8960140412	2.8960140412	0.1164525813	0.1164525813	0.0116452581	0.0116452581	0	0.0506527636	55.4987500398	55.4987500438	0.4349646021	0.4349646022	6.0587690617	6.0587690617	931.4987500657	931.4987500748	0	0	931	931
1.15	760000	760000	1.0546591722	1.0546591722	1.5735533492	1.5735533494	9.5545424774	9.5545424775	11.1280958268	11.1280958268	4.0634873064	4.0634873065	3.3459667545	3.3459667547	7.409454061	7.409454061	2.8945338768	2.8945338768	0.1111418905	0.1111418905	0.011114189	0.011114189	0	0.0498150545	53.4987500288	53.4987500322	0.4482112465	0.4482112465	5.7644762105	5.7644762105	928.4987500511	928.4987500606	0	0	928	928
1.16	770000	770000	1.0697744729	1.0697744729	1.4451781586	1.4451781588	9.5608317793	9.5608317795	11.0060099381	11.0060099381	3.7422351325	3.7422351327	3.3502485335	3.3502485337	7.0924836662	7.0924836662	2.8930223428	2.8930223428	0.106387356	0.106387356	0.0106387356	0.0106387356	0	0.049878802	50.498750134	50.4987501378	0.4688414502	0.4688414502	5.5182065379	5.5182065379	925.4987501552	925.4987501653	0	0	925	925
1.17	780000	780000	1.0851983605	1.0851983605	1.3665704878	1.3665705063	9.518323517	9.5183235354	10.8848940232	10.8848940233	3.4936484822	3.4936485067	3.3132884782	3.3132885015	6.8069369606	6.806937008	2.8914799492	2.8914799492	0.1021041938	0.1021041938	0.0102104194	0.0102104194	0	0.0493285619	48.4987500466	48.4987503385	0.4831197966	0.4831197987	5.3099031137	5.3099031137	922.4987500688	922.4987503663	0	0	922	922
1.18	790000	790000	1.1009295593	1.1009295593	1.2872117524	1.2872117525	9.4776044171	9.4776044172	10.7648161697	10.7648161697	3.2637725046	3.2637725047	3.2844066401	3.2844066402	6.5481791448	6.5481791448	2.8899068248	2.8899068248	0.0982229255	0.0982229255	0.0098222925	0.0098222925	0	0.0488985434	46.49875047	46.4987504725	0.4978329838	0.4978329839	5.1316891685	5.1316891685	920.4987504937	920.4987505002	0	0	920	920
1.19	8e+05	8e+05	1.1169692777	1.1169692778	1.2072344483	1.2072344485	9.4385857364	9.4385857366	10.6458201849	10.645820185	3.0498330806	3.0498330807	3.2625714818	3.2625714819	6.3124045625	6.3124045625	2.8883028463	2.8883028463	0.0946862821	0.0946862821	0.0094686282	0.0094686282	0	0.0485734611	44.49875044	44.4987504433	0.5129942556	0.5129942556	4.9775821071	4.9775821071	917.4987504634	917.4987504737	0	0	917	917
1.2	810000	810000	1.1333207972	1.1333207972	1.1268492637	1.1268492638	9.4010821221	9.4010821223	10.5279313859	10.5279313859	2.8495403026	2.8495403028	3.2469235361	3.2469235363	6.0964638389	6.0964638389	2.8866676885	2.8866676885	0.0914470849	0.0914470849	0.0091447085	0.0091447085	0	0.0483404931	42.4987502518	42.4987502546	0.528617258	0.5286172581	4.8430461953	4.8430461953	915.4987502758	915.4987502825	0	0	915	915
1.21	820000	820000	1.1499888359	1.1499888359	1.0463335574	1.0463335576	9.3648296308	9.3648296309	10.4111631883	10.4111631883	2.6609953239	2.6609953241	3.2367461406	3.2367461408	5.8977414647	5.8977414647	2.8850008781	2.8850008781	0.0884661912	0.0884661912	0.0088466191	0.0088466191	0	0.0481889711	40.4987500448	40.4987500478	0.544716052	0.544716052	4.7246018194	4.7246018194	913.4987500405	913.4987500504	0	0	913	913
1.22	830000	830000	1.1669792572	1.1669792572	1.0134945783	1.0134945784	9.2820259626	9.2820259627	10.295520541	10.295520541	2.5307227811	2.5307227813	3.1833285487	3.1833285489	5.71405133	5.71405133	2.8833018288	2.8833018288	0.0857109826	0.0857109826	0.0085710983	0.0085710983	0	0.0473936866	39.498750521	39.4987505244	0.5529483769	0.5529483769	4.6195439658	4.6195439658	911.4987505421	911.4987505534	0	0	911	911
1.23	840000	840000	1.1842982992	1.1842982992	0.9325666675	0.9325666677	9.2484393434	9.2484393436	10.1810060111	10.1810060111	2.3611616502	2.3611616504	3.1824050321	3.1824050322	5.5435666825	5.5435666825	2.8815699171	2.8815699171	0.0831535715	0.0831535715	0.0083153571	0.0083153571	0	0.0473799372	37.4987500274	37.4987500308	0.5697881662	0.5697881663	4.5257339748	4.5257339748	909.49875005	909.4987500598	0	0	909	909
1.24	850000	850000	1.2019536168	1.2019536168	0.8986386495	0.8986386497	9.1689748174	9.1689748175	10.067613467	10.067613467	2.2467905669	2.2467905671	3.1379389314	3.1379389315	5.3847294985	5.3847294985	2.8798043774	2.8798043774	0.0807710449	0.0807710449	0.0080771045	0.0080771045	0	0.0467179233	36.4987502435	36.4987502476	0.5783994097	0.5783994098	4.4414719948	4.4414719948	907.4987502665	907.4987502776	0	0	907	907
1.25	860000	860000	1.2199530557	1.2199530557	0.8642542052	0.8642542054	9.0910826096	9.0910826097	9.9553368149	9.9553368149	2.1387101986	2.1387101988	3.0975134944	3.0975134945	5.2362236931	5.2362236931	2.8780044251	2.8780044251	0.0785435846	0.0785435846	0.0078543585	0.0078543585	0	0.0461160672	35.4987506622	35.498750665	0.5871407937	0.5871407937	4.3653797788	4.3653797788	905.498750684	905.4987506953	0	0	905	905
1.26	870000	870000	1.2383050303	1.2383050303	0.8294487342	0.8294487344	9.0147190347	9.0147190349	9.8441677691	9.8441677691	2.0362462902	2.0362462904	3.0606775821	3.0606775822	5.0969238725	5.0969238725	2.8761692188	2.8761692188	0.0764542447	0.0764542447	0.0076454245	0.0076454245	0	0.0455676522	34.4987511485	34.4987511519	0.5960142861	0.5960142861	4.296331984	4.296331984	903.4987511705	903.4987511792	0	0	903	903
1.27	880000	880000	1.2570183844	1.2570183844	0.7942725721	0.7942725723	8.9398244342	8.9398244343	9.7340970065	9.7340970065	1.9388204225	1.9388204227	3.0270436493	3.0270436494	4.9658640719	4.9658640719	2.8742978742	2.8742978742	0.074488482	0.074488482	0.0074488482	0.0074488482	0	0.0450669085	33.4987515798	33.4987515836	0.6050218846	0.6050218847	4.2334000102	4.2334000102	901.4987516037	901.4987516128	0	0	901	901
1.28	890000	890000	1.2761023968	1.2761023968	0.7587886005	0.7587886006	8.8663257362	8.8663257363	9.6251143368	9.6251143368	1.8459335488	1.845933549	2.9962768335	2.9962768336	4.8422103824	4.8422103824	2.8723894647	2.8723894647	0.0726337472	0.0726337472	0.0072633747	0.0072633747	0	0.0446088493	32.498751853	32.4987518563	0.6141656169	0.614165617	4.1758111253	4.1758111253	900.4987518712	900.4987518842	0	0	900	900
1.29	9e+05	9e+05	1.2955668005	1.2955668005	0.7230704353	0.7230704354	8.7941383346	8.7941383347	9.51720877	9.51720877	1.7571531348	1.757153135	2.9680862652	2.9680862654	4.7252394002	4.7252394002	2.8704430145	2.8704430145	0.0708791702	0.0708791702	0.007087917	0.007087917	0	0.044189147	31.4987518936	31.4987518966	0.6234475412	0.6234475412	4.1229173556	4.1229173556	898.4987519131	898.4987519226	0	0	898	898
1.3	910000	910000	1.3154218071	1.3154218071	0.6872005817	0.6872005819	8.7231680183	8.7231680185	9.4103686002	9.4103686002	1.6721019585	1.6721019587	2.9422177467	2.9422177469	4.6143197054	4.6143197054	2.8684575049	2.8684575049	0.0692152768	0.0692152768	0.0069215277	0.0069215277	0	0.043804014	30.4987516754	30.498751679	0.6328697463	0.6328697463	4.0741715877	4.0741715877	897.4987516987	897.498751708	0	0	897	897
1.31	920000	920000	1.335678121	1.335678121	0.6512693308	0.6512693309	8.6533121539	8.653312154	9.3045814848	9.3045814848	1.5904501233	1.5904501235	2.9184482619	2.918448262	4.5088983853	4.5088983853	2.8664318631	2.8664318631	0.067633799	0.067633799	0.0067633799	0.0067633799	0	0.0434501332	29.4987512288	29.4987512322	0.6424343519	0.642434352	4.0291087956	4.0291087956	895.4987512494	895.4987512589	0	0	895	895
1.32	930000	930000	1.3563467681	1.3563467681	0.6153734886	0.6153734887	8.5844620184	8.5844620185	9.1998355071	9.1998355071	1.5119081575	1.5119081576	2.8965823962	2.8965823963	4.4084905538	4.4084905538	2.8643649877	2.8643649877	0.0661274311	0.0661274311	0.0066127431	0.0066127431	0	0.0431245936	28.4987501809	28.4987501838	0.6521435141	0.6521435141	3.9873301746	3.9873301746	893.4987502035	893.4987502152	0	0	893	893
1.33	940000	940000	1.3774399034	1.3774399034	0.5796149131	0.5796149133	8.5165003712	8.5165003714	9.0961152845	9.0961152845	1.436218561	1.4362185611	2.8764431026	2.8764431027	4.3126616637	4.3126616637	2.8622556644	2.8622556644	0.0646899732	0.0646899732	0.0064689973	0.0064689973	0	0.0428247579	27.4987501379	27.4987501409	0.6619994015	0.6619994016	3.9484964215	3.9484964215	892.4987501579	892.4987501673	0	0	892	892
1.34	950000	950000	1.3989713409	1.3989713409	0.5865258683	0.5865258685	8.4068742166	8.4068742168	8.9934000851	8.9934000851	1.4056987488	1.405698749	2.8153182521	2.8153182523	4.2210170011	4.2210170011	2.8601025106	2.8601025106	0.0633163162	0.0633163162	0.0063316316	0.0063316316	0	0.0419147268	27.4987539032	27.4987539069	0.6619993642	0.6619993642	3.9123202227	3.9123202227	891.4987539229	891.4987539343	0	0	891	891
1.35	960000	960000	1.4209475479	1.4209475479	0.550344427	0.5503444271	8.3413613804	8.3413613806	8.8917058076	8.8917058076	1.3348147943	1.3348147944	2.7984598616	2.7984598617	4.133274656	4.133274656	2.8579048784	2.8579048784	0.0619995745	0.0619995745	0.0061999575	0.0061999575	0	0.041663739	26.4987519621	26.4987519654	0.6720042229	0.6720042229	3.8785093246	3.8785093246	889.4987519843	889.4987519958	0	0	889	889
1.36	970000	970000	1.4433858131	1.4433858131	0.5145367524	0.5145367525	8.2764626065	8.2764626066	8.790999359	8.790999359	1.2661969895	1.2661969896	2.7828963905	2.7828963906	4.0490933801	4.0490933801	2.8556610412	2.8556610412	0.0607364373	0.0607364373	0.0060736437	0.0060736437	0	0.0414320285	25.4987501661	25.4987501692	0.6821602845	0.6821602845	3.8468629679	3.8468629679	888.4987501869	888.4987501977	0	0	888	888
1.37	980000	980000	1.4663034176	1.4663034176	0.5203200277	0.5203200278	8.170932249	8.1709322492	8.6912522769	8.6912522769	1.2408934781	1.2408934783	2.7272831628	2.7272831629	3.968176641	3.968176641	2.8533692688	2.8533692688	0.0595239702	0.0595239702	0.005952397	0.005952397	0	0.0406040564	25.4987552177	25.4987552208	0.6821602328	0.6821602329	3.8172003326	3.8172003326	886.49875524	886.49875525	0	0	886	886
1.38	990000	990000	1.489703592	1.489703592	0.4843594475	0.4843594476	8.1081392813	8.1081392815	8.592498729	8.592498729	1.1761516863	1.1761516864	2.7142140648	2.7142140649	3.8903657512	3.8903657512	2.8510292402	2.8510292402	0.0583558596	0.0583558596	0.005835586	0.005835586	0	0.0404094824	24.4987518929	24.4987518962	0.692469799	0.6924697991	3.789295143	3.7892951431	885.4987519008	885.4987519132	0	0	885	885
1.39	1e+06	1e+06	1.5136091147	1.5136091147	0.4490329523	0.4490329524	8.0456578961	8.0456578962	8.4946908485	8.4946908485	1.1132523316	1.1132523317	2.7021282283	2.7021282285	3.8153805601	3.8153805601	2.8486386765	2.8486386765	0.057230732	0.057230732	0.0057230732	0.0057230732	0	0.0402295473	23.4987500224	23.4987500252	0.7029351596	0.7029351596	3.7630322831	3.7630322831	884.4987500665	884.4987500772	0	0	884	884
1.4	1010000	1010000	1.5380361002	1.5380361002	0.4537024867	0.4537024868	7.9441108298	7.9441108299	8.3978133166	8.3978133166	1.0921393291	1.0921393293	2.6508818503	2.6508818504	3.7430211796	3.7430211796	2.8461959664	2.8461959664	0.0561460621	0.0561460621	0.0056146062	0.0056146062	0	0.0394665877	23.4987535798	23.4987535831	0.7029351221	0.7029351221	3.7382770156	3.7382770156	883.4987535991	883.4987536137	0	0	883	883
1.41	1020000	1020000	1.5629932021	1.5629932021	0.4185302679	0.418530268	7.8833515708	7.8833515709	8.3018818387	8.3018818387	1.0324389221	1.0324389222	2.6407173075	2.6407173076	3.6731562297	3.6731562297	2.8437002432	2.8437002432	0.0550973704	0.0550973704	0.005509737	0.005509737	0	0.0393152585	22.4987502909	22.4987502935	0.7135586612	0.7135586612	3.7148781962	3.7148781962	881.4987503149	881.4987503266	0	0	881	881
1.42	1030000	1030000	1.5885028439	1.5885028439	0.4227249049	0.422724905	7.7841357507	7.7841357508	8.2068606556	8.2068606556	1.0134465651	1.0134465652	2.5921395685	2.5921395686	3.6055861337	3.6055861337	2.8411492669	2.8411492669	0.0540839668	0.0540839668	0.0054083967	0.0054083967	0	0.0385920298	22.498750133	22.4987501352	0.7135586629	0.7135586629	3.6927508138	3.6927508138	880.4987501544	880.4987501669	0	0	880	880
1.43	1040000	1040000	1.6145802742	1.6145802742	0.3878789778	0.3878789893	7.7248657753	7.7248657867	8.1127447645	8.1127447646	0.9565968037	0.9565968089	2.5835794329	2.5835794469	3.5401762368	3.5401762557	2.8385415115	2.8385415115	0.0531026539	0.0531026539	0.0053102654	0.0053102654	0	0.0384645995	21.4987501095	21.4987503469	0.7243427188	0.7243427213	3.6717895682	3.6717895682	879.4987501313	879.4987503764	0	0	879	879
1.44	1050000	1050000	1.6412465576	1.6412465576	0.3916006183	0.3916006185	7.6279101737	7.6279101738	8.0195107921	8.0195107921	0.9394654817	0.9394654819	2.5373110098	2.53731101	3.4767764917	3.4767764917	2.8358748706	2.8358748706	0.052152622	0.052152622	0.0052152622	0.0052152622	0	0.0377757383	21.4987551152	21.4987551197	0.7243426669	0.724342667	3.6519170444	3.6519170444	878.4987551367	878.4987551625	0	0	878	878
1.45	1060000	1060000	1.6685093731	1.6685093731	0.3572626704	0.3572626707	7.5699212526	7.5699212528	7.9271839233	7.9271839233	0.88519042	0.8851904202	2.5301294467	2.5301294469	3.4153198669	3.4153198669	2.8331485751	2.8331485751	0.0512297917	0.0512297917	0.0051229792	0.0051229792	0	0.03766882	20.4987500536	20.4987500593	0.7352897603	0.7352897603	3.6330185221	3.6330185221	876.4987501063	876.4987501345	0	0	876	876
1.46	1070000	1070000	1.6964016359	1.6964016359	0.360522599	0.3605225992	7.4751832463	7.4751832465	7.8357058454	7.8357058454	0.8697190258	0.869719026	2.4859076412	2.4859076414	3.3556266672	3.3556266672	2.8303593357	2.8303593357	0.0503350926	0.0503350926	0.0050335093	0.0050335093	0	0.0370104428	20.4987541973	20.4987542025	0.7352897146	0.7352897146	3.6150659189	3.6150659189	875.4987542157	875.4987542456	0	0	875	875
1.47	1080000	1080000	1.7249312518	1.7249312518	0.3268760232	0.3268760234	7.4182286902	7.4182286905	7.7451047136	7.7451047136	0.8177723266	0.8177723268	2.4798795914	2.4798795916	3.2976519182	3.2976519182	2.8275063608	2.8275063608	0.0494648385	0.0494648385	0.0049464838	0.0049464838	0	0.0369206966	19.4987496965	19.498749703	0.7464022459	0.746402246	3.5979570304	3.5979570304	874.4987497726	874.4987497893	0	0	874	874
1.48	1090000	1090000	1.7541289783	1.7541289783	0.329689988	0.3296899883	7.3256472488	7.3256472491	7.6553372371	7.6553372371	0.8037872032	0.8037872035	2.4374698619	2.4374698621	3.2412570653	3.2412570653	2.8245865746	2.8245865746	0.0486191175	0.0486191175	0.0048619118	0.0048619118	0	0.0362892978	19.498752293	19.4987522999	0.7464022168	0.7464022169	3.5816614053	3.5816614053	873.498752354	873.4987523802	0	0	873	873
1.49	1100000	1100000	1.7840202576	1.7840202576	0.3325814183	0.3325814185	7.2338008693	7.2338008695	7.5663822878	7.5663822878	0.7901696293	0.7901696295	2.3961747207	2.3961747209	3.1863443502	3.1863443502	2.821597433	2.821597433	0.0477970539	0.0477970539	0.0047797054	0.0047797054	0	0.035674493	19.4987602127	19.4987602181	0.7464021282	0.7464021283	3.5661328064	3.5661328064	872.498760255	872.4987602813	0	0	872	872
1.5	1110000	1110000	1.814600563	1.814600563	0.2993093275	0.2993093277	7.178998352	7.1789983522	7.4783076797	7.4783076797	0.7413190104	0.7413190106	2.3916192655	2.3916192657	3.1329382761	3.1329382761	2.8185393883	2.8185393883	0.04699404	0.04699404	0.004699404	0.004699404	0	0.035606671	18.4987502365	18.4987502426	0.7576826651	0.7576826652	3.5512527106	3.5512527106	871.4987503078	871.4987503302	0	0	871	871
